4243767290,0
4294967279,280
4294967278,366
4294967278,174
4294967294,169
4294967294,189
4294967294,179
4294967294,468
4294967294,185
4294967294,182
4294967294,176
4294967294,173
4294967294,170
4294967294,1159
4294967294,163
4294967294,190
4294967294,36
4294967294,39
0,5
4294967294,15
4294967294,50
4294967294,425
14,10
14,9
14,8
14,7
14,6
14,4
4294967294,162
4294967294,1245
4243767290,3
4243767290,2
4294967294,14
4294967294,20
4294967294,13
4294967294,126
4294967294,12
4294967293,131
4294967293,130
4294967293,129
4294967293,128
4294967293,127
4294967293,126
4294967293,125
4294967293,124
4294967293,123
4294967293,122
4294967293,121
4294967293,120
4294967293,119
4294967293,118
4294967293,117
4294967293,116
4294967293,115
4294967293,114
4294967293,113
4294967293,112
4294967293,111
4294967293,110
4294967293,109
4294967293,108
4294967293,107
4294967293,106
4294967293,105
4294967293,104
4294967293,103
4294967293,102
4294967293,101
4294967293,100
4294967293,99
4294967293,98
4294967293,97
4294967293,96
4294967293,95
4294967293,94
4294967293,93
4294967293,92
4294967293,91
4294967293,90
4294967293,89
4294967293,87
4294967293,86
4294967293,85
4294967293,84
4294967293,83
4294967293,82
4294967293,81
4294967293,80
4294967293,79
4294967293,78
4294967293,77
4294967293,76
4294967293,75
4294967293,74
4294967293,73
4294967293,72
4294967293,71
4294967293,70
4294967293,69
4294967293,68
4294967293,67
4294967293,66
4294967293,65
4294967293,64
4294967293,63
4294967293,62
4294967293,61
4294967293,60
4294967293,59
4294967293,58
4294967293,57
4294967293,56
4294967293,55
4294967293,54
4294967293,53
4294967293,52
4294967293,51
4294967293,50
4294967293,49
4294967293,48
4294967293,47
4294967293,46
4294967293,45
4294967293,44
4294967293,43
4294967293,42
4294967293,41
4294967293,40
4294967293,39
4294967293,38
4294967293,37
4294967293,36
4294967293,35
4294967293,34
4294967293,33
4294967293,32
4294967293,31
4294967293,30
4294967293,29
4294967293,28
4294967293,27
4294967293,26
4294967293,25
4294967293,24
4294967293,23
4294967293,22
4294967293,21
4294967293,20
4294967293,19
4294967293,18
4294967293,17
4294967293,16
4294967293,15
4294967293,14
4294967293,13
4294967293,12
4294967293,11
4294967293,10
4294967293,9
4294967293,8
4294967293,7
4294967293,6
4294967293,5
4294967293,4
4294967293,3
4294967279,53
4294967279,52
4294967279,51
4294967279,50
4294967279,49
4294967279,48
4294967279,47
4294967279,46
4294967279,45
4294967279,44
4294967279,43
4294967279,42
4294967279,41
4294967279,40
4294967279,39
4294967279,38
4294967279,37
4294967279,36
4294967279,35
4294967279,34
4294967279,33
4294967279,32
4294967279,31
4294967279,30
4294967279,29
4294967279,28
4294967279,27
4294967279,26
4294967279,25
4294967279,268
4294967278,322
4294967278,365
4294967278,364
4294967278,363
4294967278,362
4294967278,2
4294967278,361
4294967278,360
4294967278,359
4294967278,358
4294967279,253
4294967278,357
4294967278,356
4294967278,355
4294967278,354
4294967278,353
4294967278,352
4294967278,351
4294967278,350
4294967278,349
4294967278,348
4294967278,347
4294967278,346
4294967278,345
4294967279,228
4294967278,336
4294967279,226
4294967278,218
4294967279,218
4294967278,216
4294967279,278
4294967278,215
4294967279,216
4294967278,214
4294967279,215
4294967278,213
4294967279,214
4294967278,212
4294967279,213
4294967278,211
4294967279,212
4294967278,210
4294967279,211
4294967278,209
4294967279,210
4294967278,208
4294967279,209
4294967278,207
4294967279,208
4294967278,206
4294967279,207
4294967278,205
4294967279,206
4294967278,204
4294967279,205
4294967278,203
4294967279,204
4294967278,202
4294967279,203
4294967278,201
4294967279,202
4294967278,200
4294967279,201
4294967278,199
4294967279,200
4294967278,198
4294967279,199
4294967278,197
4294967279,198
4294967278,196
4294967279,197
4294967278,195
4294967279,196
4294967278,194
4294967279,195
4294967278,193
4294967279,194
4294967278,192
4294967279,193
4294967278,191
4294967279,192
4294967278,190
4294967279,191
4294967278,189
4294967279,190
4294967278,188
4294967279,189
4294967278,187
4294967279,188
4294967278,186
4294967279,187
4294967278,185
4294967279,186
4294967278,184
4294967279,185
4294967278,183
4294967279,184
4294967278,182
4294967279,183
4294967278,181
4294967279,182
4294967278,180
4294967279,181
4294967278,304
4294967279,180
4294967278,178
4294967279,538
4294967278,303
4294967279,177
4294967279,549
4294967294,81
4294967294,127
4294967294,18
4294967278,172
4294967294,17
4294967294,99
4294967294,76
4294967294,41
4294967278,298
4294967279,103
4294967279,102
4294967279,101
4294967279,100
4294967279,99
4294967279,98
4294967279,97
4294967279,96
4294967279,95
4294967279,94
4294967279,93
4294967279,92
4294967279,91
4294967279,90
4294967279,89
4294967279,87
4294967279,86
4294967279,85
4294967279,84
4294967279,83
4294967279,82
4294967279,81
4294967279,80
4294967279,79
4294967279,78
4294967279,77
4294967279,76
4294967279,75
4294967279,74
4294967279,73
4294967279,72
4294967279,71
4294967279,70
4294967279,69
4294967279,68
4294967279,67
4294967279,66
4294967279,65
4294967279,64
4294967279,63
4294967279,62
4294967279,61
4294967279,60
4294967279,59
4294967279,58
4294967279,57
4294967279,56
4294967279,55
4294967279,54
4294967294,5
4294967294,107
4294967294,67
4294967294,470
4294967278,171
4294967294,94
4294967294,93
4294967294,96
4294967294,95
4294967279,172
16,4
16,3
16,2
16,1
4294967294,9
4294967279,171
4294967294,8
0,7
4294967294,437
4294967294,45
4294967294,429
4294967294,44
4294967294,1423
4294967294,43
4294967294,53
4294967294,52
4294967294,417
4294967294,51
4294967294,1239
4294967294,1244
4294967294,29
4294967294,413
4294967294,28
4294967294,1084
4294967294,27
4294967294,1240
4294967294,26
4294967294,472
4294967294,25
4294967294,92
4294967294,91
4294967294,90
4294967294,88
4294967294,87
4294967294,86
4294967294,85
4294967294,84
4294967294,1
4294967294,1166
4294967294,46
4294967294,0
4294967278,169
4294967294,1160
4294967294,42
4294967294,61
4294967294,1163
4294967294,82
4294967294,1246
4294967294,83
4294967294,68
4294967294,11
4294967278,36
4294967278,35
